 0.17337229740362498 -0.001198077234073891 0.17307084073103562 0.014740555625574154 0.0010146858181106805 0.011949788089000928 -0.01477472020588968 -0.005767979180143169 -0.02652566187483909 0.0009381603375011896 0.0004037355940465492 -0.0001291391893584157 0.0013598483081044002 8.941360480221617e-05 0.0010711975520280956 0.0016174989900434725 -0.0014610628954379104 0.00012198311271052611 -0.0011002475552266658 0.002776289089339075 -0.0003661153807108028 0.00016681696394516652 -0.000495266463327057 3.317208199798882e-05 -3.856806232584161e-05 -0.0001274675450091161 -7.311034287508803e-05 -0.0003766696746518165 0.00039034554526958914 -0.0004072676667150317 -0.003723478063194872 0.0035587668276648114 -0.0022884508584992617 0.0016103117183990415 0.002891206059068608 0.0004098435029345701 -0.004262361812578898 -0.0011102769582924496 -0.009815772267944334 -0.0025452644746972036 -0.0006950215600254665 -0.0007836512417079328 0.0008103257816377572 -0.0003025844682899778 0.0016124870600762152 -0.16780802634008996 2.7404156238296457e-05 -0.1478772185314617
 -0.001198077234073891 0.02962136033083064 -0.011683735012247745 0.0009757035820115697 0.016526024669934105 -0.003383701909274232 -0.02125625639652406 0.008347376484523049 -0.017659339278711838 -0.0004039812645665467 -0.0002449153841247326 0.00048252164032299566 -8.460896677776701e-05 -0.0004949801123090816 0.0004097757021044429 -0.0008930919681561904 0.0005348248411141688 0.0002103443295646693 0.003099253362656539 -0.00384774339814966 0.0011837834961451216 0.00026341999678897924 -0.0003657215141130398 -5.682315470585031e-05 2.3779517246269227e-05 -2.3771262081746723e-05 -1.8663008632776488e-05 0.001186445178137652 -0.0008967156943176366 -0.0015579074183017909 -0.00084601533160891 0.005103399809180807 -0.0013185504983673126 -0.0004789408172039505 0.0018455358040072919 0.00045748220505604186 0.0065766422869853285 -0.003228977081161753 0.009679375611584457 0.0004695195445885648 0.0003631936213487306 -0.0008840150443811934 0.0008810671568943643 0.0030341541277367117 0.0018307348100337886 0.011684072177507105 -0.05627659948761127 0.022308267689493674
 0.17307084073103562 -0.011683735012247745 0.3022749969110034 -0.012544740478994546 0.0033638847254570123 -0.04378035521594905 -0.011148781488465232 -0.00030611205618159886 0.002931177353833082 0.00018887734318750907 0.0005585131943565366 0.0009488174108858716 0.0011030854135419916 -0.00023048177142974226 0.0017894791757204122 -0.0026906532938724254 0.002203729864906002 0.0014521493418971493 0.0005015912554948618 -0.00012641245825717194 0.0019574000165562535 0.00017222946783142164 -0.00041219230890137835 -7.081426941737346e-05 -0.00024864928498135864 0.000230677289179641 -6.75479230851137e-05 0.0018607610128915841 -0.0028838089157424565 -0.0028325695860447696 -0.0032248334913087227 0.004622093358174647 -0.006298145899173007 0.0011457050682627855 0.0015774504221767632 0.0006981109362689833 -0.003473623153774629 -0.001005230783989197 -0.0026436802702229684 -0.0016594473702432652 -0.0003557450419975877 -0.002272251381452639 0.0005440885379857619 -0.0006657438386436947 0.005922876255437828 -0.14360571274835499 0.005105049545593475 -0.2600022972547923
 0.014740555625574154 0.0009757035820115697 -0.012544740478994546 0.16784843637568006 -0.000331318380711328 -0.1681343358732914 -0.014794769989549534 -0.006059768129060675 0.026988073114252432 0.001300671439313208 0.00010826193129409842 -0.0010760958676482243 0.0009505638544339835 0.00039237136792593345 0.00012691693612151218 -0.0011038563718201054 0.0027486268930634584 0.0003723167158354167 0.0016052584729210567 -0.0014457908543704754 -0.00014218744257504521 -2.7321220939960112e-05 -0.00012754083605276534 5.9576741550368474e-05 0.0001553451825565269 -0.00048162287251911655 -5.7276778640084455e-05 -0.0035158729136252624 0.003312949143478269 0.0021759771264096765 -0.0004003047662078242 0.0004480504150436106 0.00042254297545172236 0.0016084439742049094 0.002808497579324889 -0.0004378683575820146 -0.00393915214655942 -0.001225399275238585 0.009664071396542625 -0.0025046332298040317 -0.0006945100441042523 0.0008262299381126102 0.0006746472055230881 -0.0001965237951269255 -0.0014483428246978736 -0.1626075496331031 -0.00023161225270468638 0.14320494116847102
 0.0010146858181106805 0.016526024669934105 0.0033638847254570123 -0.000331318380711328 0.03014317004522135 0.011186609946262775 -0.021347828951739364 0.00831895080459754 0.01786702560406561 -8.150441637765136e-05 -0.00047810089390591166 -0.00042290248521909636 -0.000403833412453935 -0.00024077555142998808 -0.0004710833690812084 0.0030607864128662605 -0.0037948313392894774 -0.0012208300681551148 -0.0008600827007565564 0.000481121490341516 -0.00017503377631160168 3.459145434156347e-05 -3.2124760921676294e-05 1.4595858427767726e-05 0.0002613326572818738 -0.0003734523962764655 4.79055265005461e-05 -0.0009102115388483877 0.00496699966025126 0.0011681542604605308 0.0012093191011940702 -0.000906520461657512 0.0015899568773063612 -0.0004544047352997617 0.0018657597266580168 -0.0004137608959889417 0.0064020217583868515 -0.003095719464326659 -0.009721824924161215 0.00046089500118127097 0.00033849567736521846 0.0008789257090173935 0.0007028896578395849 0.003075898946692932 -0.0017351041667732576 0.011240533077560476 -0.05679911056024754 -0.021955993004872252
 0.011949788089000928 -0.003383701909274232 -0.04378035521594905 -0.1681343358732914 0.011186609946262775 0.3016709455437746 0.01154256774395793 0.00037123827913914845 0.002480760458303861 -0.0010606014133991526 0.00021839893588667745 0.0018251623226474298 -0.00018367221062061306 -0.0005625526289050182 0.0009452053266231246 -0.00046303234793475934 0.00010926159996250993 0.0019702192815644333 0.0026780256439322106 -0.002147011990006245 0.0013775287669513883 0.00023623736736043356 -0.00021669681093000826 -7.430847945641495e-05 -0.0001840920069017629 0.0004245921083642189 -6.166737518558712e-05 0.0030871168288559734 -0.004623576443454421 -0.006205916277844839 -0.001916865902140032 0.0029015490790082646 -0.0028765363407316563 -0.001200740847563299 -0.0015028791400882066 0.0007592983477246265 0.0034352810368883492 0.0008506788380713252 -0.002739046946661441 0.0016387895222798846 0.0003641050364879498 -0.002337130888765159 -0.00019473739869958447 0.0005824475753133663 0.005844054714599957 0.1387704790999063 -0.004577472183260786 -0.2587932384690975
 -0.01477472020588968 -0.02125625639652406 -0.011148781488465232 -0.014794769989549534 -0.021347828951739364 0.01154256774395793 0.34888863107504803 0.2953408983684451 -0.00037977702969108486 0.0005488325587607308 -0.00037985988561279715 -0.00042612938139014226 0.0005751146344119502 -0.00038367935442437293 0.0004047198636581667 0.0012773208201961484 -0.002277707714441312 -0.0017550781722567692 0.0013808665918952424 -0.002358538104576412 0.0017437498111218805 0.0001601724561362426 -0.00037691695916228094 2.150384356996204e-05 0.00014753678916127195 -0.00037110513815309133 -3.8959441790964046e-05 -0.0017871105785259816 0.00280944053342569 0.0015596281306079055 -0.00185618631559466 0.00290002561750741 -0.001541444821116573 0.0012475944756046556 0.0023401724273887543 -1.348096142169909e-05 -0.0004277768026527559 -0.0032860162063167884 -3.884166017322605e-05 -0.001448672105217079 7.69565615946023e-05 2.6519239647909456e-05 0.005059101789560059 0.0033782905298895853 4.19729604810226e-05 -0.3242092029757276 -0.2548037381934101 1.1717174090134326e-06
 -0.005767979180143169 0.008347376484523049 -0.00030611205618159886 -0.006059768129060675 0.00831895080459754 0.00037123827913914845 0.2953408983684451 0.2850744585601859 -0.0002793270505090395 -0.0010672966296143027 -0.000513985485367451 0.00044652471776902955 -0.0010873814183470503 -0.000515288425495437 -0.00043194880932206366 -0.0010479977748748472 0.0004999062494209941 -0.0006250583001686771 -0.0010850810982421628 0.0004915428814260751 0.0006404741451431383 0.00014851539657675483 -4.248366940600012e-07 4.7329808154206763e-05 0.0001434535255102152 4.614398817213088e-06 -5.138820047639486e-05 0.0010868730245714832 8.198225016961143e-06 -0.0010599918938586363 0.001178064902930898 -2.609501150765228e-05 0.0010540570788361962 -0.0032323764494152298 -0.0010882440168886206 9.418493112127129e-05 -0.014664426313483317 -0.018282644996876898 6.703612934589471e-05 0.0027474300265074875 0.0001348250000445437 -5.806914213632684e-05 0.00459329142002296 -0.004935740209904299 -0.00015147356333089555 -0.2712358872098438 -0.2775033650935792 0.00024067111830739716
 -0.02652566187483909 -0.017659339278711838 0.002931177353833082 0.026988073114252432 0.01786702560406561 0.002480760458303861 -0.00037977702969108486 -0.0002793270505090395 0.03330429790302374 -0.00019480299021480273 0.0002199561059758796 0.0006604156326871304 0.00021242157501643466 -0.00021513942916990387 0.000661718824174161 -0.0021423868621210846 0.002696983298435803 0.0011190555848739243 0.002165480433408113 -0.0026438121147250044 0.0010315827110326061 6.514232317420283e-05 -0.00019676502055837093 -7.764860632121126e-05 -7.11074997391407e-05 0.0002006895575050837 -7.458157458537048e-05 0.00145931688846111 -0.0020751840287243834 -0.001910312955217889 -0.001541189162376708 0.002099157793695181 -0.0019415108225669883 -1.9476049728489872e-05 6.408136255531116e-05 0.0006636737635431457 -9.383976205626775e-05 -0.00012943043526568082 0.0018707733764512006 -1.721027166604566e-05 -6.103331505176289e-06 -0.0011479814166400553 0.00017378793440476063 -6.632688636004955e-05 0.004691665582531653 -8.243407490118563e-05 0.00012108278383389666 -0.04426021205213395
 0.0009381603375011896 -0.0004039812645665467 0.00018887734318750907 0.001300671439313208 -8.150441637765136e-05 -0.0010606014133991526 0.0005488325587607308 -0.0010672966296143027 -0.00019480299021480273 0.13272603948835057 0.07696165312610503 -0.15467821695355213 0.03349960890336063 0.0043611375676727 -0.013189535276685316 0.0001666362499277663 0.00031873053812666024 -0.00017713626351637354 -0.00012258346425588162 0.00012738046889911478 4.851226786070455e-05 0.002678609815884417 0.0020300073235749666 0.000993780698866221 -0.004409179886482099 -0.004619643148624869 0.001985918977194608 -0.001701320594049596 -0.00230008872215544 0.00021292889720818164 -0.0005227458156469726 -0.000191880251874806 0.00010179087454529123 -0.014560121370928419 -0.02218621361411926 0.027997171164984732 0.002933928506462568 -0.0021002698992914712 -0.00047862350931908193 -0.1464146516085559 -0.05427551590555226 0.13552899229594553 -0.0037198823966550568 0.001557242493907271 0.001844998900809432 -0.0033443447246625075 0.001873930262477437 0.0008737875438265695
 0.0004037355940465492 -0.0002449153841247326 0.0005585131943565366 0.00010826193129409842 -0.00047810089390591166 0.00021839893588667745 -0.00037985988561279715 -0.000513985485367451 0.0002199561059758796 0.07696165312610503 0.08133741773397261 -0.11517207828388848 0.004079007954968204 0.031898947273802915 -0.007820581695908288 -0.00017240096093593915 -7.166265955077284e-05 -0.000223797284282498 -5.4599102266357367e-05 -2.2935479595358513e-05 -1.0731105276437142e-05 -0.0003075827851734706 -0.00016511510357714295 0.00034085715712624926 -0.005047098714252004 -0.0043066129206398695 0.001101290193084622 -6.995339070177136e-05 0.0026157041924849884 -0.0003420847821076791 -0.000859132510157258 -0.0006722403885046592 -0.0005523517724229638 -0.022790235175441768 -6.8350512930917195e-06 0.022999319123955718 0.0007214481407437982 0.0008480444087051457 0.0003537573994770912 -0.053751937350187975 -0.11346777850151994 0.09914976980699716 0.0010691332978767579 0.0028893020794649943 0.0003539015738080966 9.560913220691904e-05 0.0003655519128169922 -0.0011734865278522062
 -0.0001291391893584157 0.00048252164032299566 0.0009488174108858716 -0.0010760958676482243 -0.00042290248521909636 0.0018251623226474298 -0.00042612938139014226 0.00044652471776902955 0.0006604156326871304 -0.15467821695355213 -0.11517207828388848 0.501638995243379 0.009711211521125833 0.008360114864794552 -0.09723796264054867 -0.0003655814938230979 -0.00030762881036136173 0.00011286606407344821 0.00034174298654730665 2.8755211803986688e-05 2.0378349790322137e-06 0.003745685117130475 0.0015381079222327493 0.0023666112188713627 0.00020488009860610243 0.0003235069313174927 0.0027850268105221528 8.785241296618066e-05 0.003990248175068461 -0.001427965321591187 -0.00010867208332053079 -0.0023185507625130214 -0.0011803265004933802 0.017384183586629916 0.014690951268245139 -0.014247912650874483 -0.0018812489420526595 0.0008837934646536785 0.0010201042487816827 0.12262984927107767 0.09186738968490132 -0.39570501943440256 0.0023881272599759764 -0.003927197438048443 0.0013225350572391187 0.0021691437552543253 -0.000471807574552643 -0.00288218244989751
 0.0013598483081044002 -8.460896677776701e-05 0.0011030854135419916 0.0009505638544339835 -0.000403833412453935 -0.00018367221062061306 0.0005751146344119502 -0.0010873814183470503 0.00021242157501643466 0.03349960890336063 0.004079007954968204 0.009711211521125833 0.14034347185232604 0.07807840389286778 0.16122314825650608 -0.0001434409972397406 0.00014811770667353744 -4.9132198962880246e-05 0.0001694412992560756 0.00030212716657402645 0.00015163588844020244 -0.004394610526603203 -0.004364342264859848 -0.0018538377609869153 0.002492453210866188 0.0019468936925294445 -0.0010352929973561856 -0.0005001150098305892 -0.00012072556275790302 -6.92500480417829e-05 -0.0016542926682645278 -0.0023795637968483103 -0.0002798721559536945 -0.01564594264256439 -0.022480618021399962 -0.02787133585385224 0.0030523193261380362 -0.002139423178694459 0.000397068913712418 -0.15258909226716325 -0.05487069656936513 -0.13887383225110073 -0.004029069713278077 0.0014946606740429322 -0.0016415538117335508 -0.0034736227965800185 0.0018864317301117324 -0.0009383142354634649
 8.941360480221617e-05 -0.0004949801123090816 -0.00023048177142974226 0.00039237136792593345 -0.00024077555142998808 -0.0005625526289050182 -0.00038367935442437293 -0.000515288425495437 -0.00021513942916990387 0.0043611375676727 0.031898947273802915 0.008360114864794552 0.07807840389286778 0.08006511344758555 0.1083182588081886 -4.517501178232057e-05 -2.1488735560560332e-05 -9.719133237910554e-07 -0.00017494910795794714 -4.13780594611029e-05 0.00021592067994472583 -0.005077306570416739 -0.004349034716001596 -0.0011143120271290034 -0.00016130488213736435 -0.00010381434236306077 -0.0004071789898439636 -0.0008445040941015837 -0.0007138455708244932 0.0005790715570042428 -9.234597416739992e-05 0.0025746272348567017 0.00046309817757982303 -0.023433120913427665 0.0003194098958295536 -0.022257571890938424 0.000720678148214123 0.0007378849273105054 -0.0003179178277666485 -0.054592780358217206 -0.11236276257013716 -0.09370260235280264 0.0010335799184312728 0.0028552575165411106 -0.0002885252087831381 0.0001271777807979764 0.00039768330168328823 0.0011635902657725977
 0.0010711975520280956 0.0004097757021044429 0.0017894791757204122 0.00012691693612151218 -0.0004710833690812084 0.0009452053266231246 0.0004047198636581667 -0.00043194880932206366 0.000661718824174161 -0.013189535276685316 -0.007820581695908288 -0.09723796264054867 0.16122314825650608 0.1083182588081886 0.48740524738317664 -0.0003495374758114725 -3.7985795411615536e-05 3.976660901950142e-06 0.00035073299296556473 0.0002704612419821748 9.071264224814691e-05 -3.956979478541765e-05 -0.0003090031232654876 0.002816928377725871 -0.003744690594710364 -0.0017692997568730833 0.002488895856756493 0.00010907386111768225 0.0024768950569104336 -0.00108262542493767 -8.718187929324968e-05 -0.003701028672555664 -0.0015291560959502506 -0.017374380724327922 -0.013858894162984123 -0.013185565865511133 0.0018310145066484796 -0.0007421553080232011 0.0009426665195788925 -0.12594364958286966 -0.08642740251721209 -0.3828275433719798 -0.002293799861120249 0.003680693014136914 0.001570875487941564 -0.002099607686930251 0.0004237572387085331 -0.002851525944064238
 0.0016174989900434725 -0.0008930919681561904 -0.0026906532938724254 -0.0011038563718201054 0.0030607864128662605 -0.00046303234793475934 0.0012773208201961484 -0.0010479977748748472 -0.0021423868621210846 0.0001666362499277663 -0.00017240096093593915 -0.0003655814938230979 -0.0001434409972397406 -4.517501178232057e-05 -0.0003495374758114725 0.13163292701466606 0.014653939476407326 -0.14254161805097704 0.008791760654016417 0.0015176809145980535 -0.014904311696239122 0.00012752206349121793 -0.00010801705453989499 -3.0539306310569574e-05 0.00039238855295582845 -0.0004912148709321047 -0.00021295954979811825 -0.0019315207373679273 -0.003301064193753086 0.00043563261032623083 0.00015081486999804088 1.089436967532529e-05 0.0011948926985384987 9.929501023164732e-05 0.001122043623681679 -0.00030384110541188235 -0.12085992030927174 -0.01589264323246787 0.13320315146911488 0.00014368277830716867 -3.0177997340627567e-05 0.0004938691973614253 -0.012371633648577466 0.00232112075132443 0.013588946910826573 -0.007986307615510196 -0.0007089171582504711 0.015090590990993606
 -0.0014610628954379104 0.0005348248411141688 0.002203729864906002 0.0027486268930634584 -0.0037948313392894774 0.00010926159996250993 -0.002277707714441312 0.0004999062494209941 0.002696983298435803 0.00031873053812666024 -7.166265955077284e-05 -0.00030762881036136173 0.00014811770667353744 -2.1488735560560332e-05 -3.7985795411615536e-05 0.014653939476407326 0.03769301658379393 -0.00731879475068096 0.0015779210856173124 -0.0004327967099665257 0.0010006443257286992 0.00010595548596298911 -0.00016318150327918263 4.671621394919054e-05 0.00021282405397334353 -0.000191369132836553 -0.00044060159756283666 -0.001194613610477657 -0.004165220169940779 -0.0020732769798929456 0.000591757138619624 0.0006335790190071793 4.425821226498761e-05 -0.00026363183965575677 0.00244859672348061 0.0010221625893776082 -0.0034498849652685446 -0.025326754176509758 -0.005016214701906491 -0.0004744291449126748 -0.0002640827118686048 5.2103383476472127e-05 -0.021876793459523473 -0.009576639414870245 0.025582852040842166 0.01063833674104299 0.0021965655992408134 -0.017564482504204046
 0.00012198311271052611 0.0002103443295646693 0.0014521493418971493 0.0003723167158354167 -0.0012208300681551148 0.0019702192815644333 -0.0017550781722567692 -0.0006250583001686771 0.0011190555848739243 -0.00017713626351637354 -0.000223797284282498 0.00011286606407344821 -4.9132198962880246e-05 -9.719133237910554e-07 3.976660901950142e-06 -0.14254161805097704 -0.00731879475068096 0.25023853601567175 0.014269402166971434 -0.0010544370016144769 -0.016772567181375354 5.688178754082395e-06 1.5045632597911362e-05 7.441686817606254e-07 -3.137141101531198e-05 0.0007300534088710893 0.00018551909200321864 -0.000536058935286931 -0.0007199748584718424 0.0016733778147876076 0.0002243811519577802 0.000471340231699195 0.00034772002991122637 -0.00026167589485011865 -0.0003405216852336361 -3.473396176438782e-05 0.13203761901714406 0.010695508861660359 -0.23767197418678093 -4.3552938108093125e-05 0.000328653616261401 0.00022885160134432963 -0.002375935784351491 -0.003450987625051603 0.0015732835617559564 0.0007416784399796691 0.0025093320588452823 -0.004424231988271436
 -0.0011002475552266658 0.003099253362656539 0.0005015912554948618 0.0016052584729210567 -0.0008600827007565564 0.0026780256439322106 0.0013808665918952424 -0.0010850810982421628 0.002165480433408113 -0.00012258346425588162 -5.4599102266357367e-05 0.00034174298654730665 0.0001694412992560756 -0.00017494910795794714 0.00035073299296556473 0.008791760654016417 0.0015779210856173124 0.014269402166971434 0.13887633179319595 0.01506875589571929 0.14534804347818076 0.0004086584238009555 -0.0005006572974065199 0.00017057836878729612 0.00012277773843933154 -0.00011271819873139161 1.846970019770816e-05 0.0001273619873850276 4.248245229950128e-05 -0.0011692548167642315 -0.0019574866825539223 -0.0033738765966292053 -0.00040045485409418097 7.451315197200995e-05 0.0011319044970353374 0.00036507770388921845 -0.127510062440018 -0.01622395513075828 -0.13601986063518126 0.00013370420271258715 -2.2191866549696577e-05 -0.0004986661358574508 -0.012729451438020603 0.0023751752508645364 -0.013134145477830905 -0.008267202591635516 -0.0008923361575758217 -0.01498766631458641
 0.002776289089339075 -0.00384774339814966 -0.00012641245825717194 -0.0014457908543704754 0.000481121490341516 -0.002147011990006245 -0.002358538104576412 0.0004915428814260751 -0.0026438121147250044 0.00012738046889911478 -2.2935479595358513e-05 2.8755211803986688e-05 0.00030212716657402645 -4.13780594611029e-05 0.0002704612419821748 0.0015176809145980535 -0.0004327967099665257 -0.0010544370016144769 0.01506875589571929 0.037478642847588846 0.00729431593898041 0.00023679726330810654 -0.0001909816560535644 0.00041628833895261224 9.89219932159322e-05 -0.00015082676325585162 -5.4118344770580784e-05 0.0006134334013541775 0.0006900726021462428 -4.972999722825892e-05 -0.0009685942184819578 -0.004135125081439609 0.0020854463491394274 -0.00035138561398992705 0.002300644490520827 -0.0009134881379890204 -0.0036354029856879165 -0.025338766419812947 0.004587696006033903 -0.0004061404663387935 -0.0003016949875461535 6.051472138545275e-06 -0.022479836439889468 -0.009433635200500144 -0.024937846286656375 0.010902825503814642 0.002452714555632859 0.017238300595316572
 -0.0003661153807108028 0.0011837834961451216 0.0019574000165562535 -0.00014218744257504521 -0.00017503377631160168 0.0013775287669513883 0.0017437498111218805 0.0006404741451431383 0.0010315827110326061 4.851226786070455e-05 -1.0731105276437142e-05 2.0378349790322137e-06 0.00015163588844020244 0.00021592067994472583 9.071264224814691e-05 -0.014904311696239122 0.0010006443257286992 -0.016772567181375354 0.14534804347818076 0.00729431593898041 0.2432689609169695 2.8937553041348632e-05 -0.0006955700522041839 0.00014803051149862772 -4.409951201949032e-06 -3.212317339005959e-06 9.656968145006918e-06 -0.00021926013210854002 -0.000493441278210108 0.00042808332855202185 0.0006891893392346552 0.0008071210579916597 0.0016725578017820993 0.00022206249586254962 0.00025557122717244975 -8.12328823215194e-05 -0.13494346643065114 -0.01063841433165158 -0.23125498553736518 6.704271760228718e-05 -0.00031017701030104167 0.00022423068041795157 0.0028374855100366603 0.0034727674477663026 0.001984881022554937 -0.0005573329042765901 -0.0025493695272198894 -0.004082835850926812
 0.00016681696394516652 0.00026341999678897924 0.00017222946783142164 -2.7321220939960112e-05 3.459145434156347e-05 0.00023623736736043356 0.0001601724561362426 0.00014851539657675483 6.514232317420283e-05 0.002678609815884417 -0.0003075827851734706 0.003745685117130475 -0.004394610526603203 -0.005077306570416739 -3.956979478541765e-05 0.00012752206349121793 0.00010595548596298911 5.688178754082395e-06 0.0004086584238009555 0.00023679726330810654 2.8937553041348632e-05 0.1359621758079941 -0.02987312504080364 0.1415009223130542 0.008972176069953491 -0.0033288105159757016 0.013115367743578901 -0.00016060804835705143 3.42515241307249e-06 -0.0008435869373896612 -0.00024128697474509427 0.002149428411591175 0.00039696576384462903 -0.12738237299777505 0.027874747565164153 -0.12581434773766617 0.0001149264420016612 -0.000853499656880543 0.0007201709980049422 -0.006881333012867646 0.006975599992915282 -0.02271914507240338 -0.00926007198119774 0.0017671577665896037 -0.010170060207263324 -0.00024238716062494831 -0.00011833032149092426 -0.0004012887844602997
 -0.000495266463327057 -0.0003657215141130398 -0.00041219230890137835 -0.00012754083605276534 -3.2124760921676294e-05 -0.00021669681093000826 -0.00037691695916228094 -4.248366940600012e-07 -0.00019676502055837093 0.0020300073235749666 -0.00016511510357714295 0.0015381079222327493 -0.004364342264859848 -0.004349034716001596 -0.0003090031232654876 -0.00010801705453989499 -0.00016318150327918263 1.5045632597911362e-05 -0.0005006572974065199 -0.0001909816560535644 -0.0006955700522041839 -0.02987312504080364 0.050321208322123806 -0.03396568396733846 -0.002964240107819423 0.0010575452430255743 -0.0019740111008667615 -0.0005756062135819904 0.000958383691286416 0.00045624780660644875 0.0011443923648154397 -0.004663810593768831 -0.0017949785043574551 0.02003924079645592 -0.039592204725890714 0.026048912962559016 0.000513880575985505 0.002927921882092584 0.0007402472008373536 -0.008097755762477413 0.005356014787866279 -0.01746911839427505 0.022678776563995202 -0.01043133024965177 0.02762131648938438 0.0010783825614398492 -0.0006612510844377143 0.0006147280069409616
 3.317208199798882e-05 -5.682315470585031e-05 -7.081426941737346e-05 5.9576741550368474e-05 1.4595858427767726e-05 -7.430847945641495e-05 2.150384356996204e-05 4.7329808154206763e-05 -7.764860632121126e-05 0.000993780698866221 0.00034085715712624926 0.0023666112188713627 -0.0018538377609869153 -0.0011143120271290034 0.002816928377725871 -3.0539306310569574e-05 4.671621394919054e-05 7.441686817606254e-07 0.00017057836878729612 0.00041628833895261224 0.00014803051149862772 0.1415009223130542 -0.03396568396733846 0.2463998445244445 -0.014563740691689473 0.0027463279620487425 -0.015294318012457888 8.664029287708348e-05 0.0003765255929268086 0.0002874436367118726 0.0005905394621698273 -0.0008420681061893408 0.001413788161401847 -0.1311907194568751 0.03516489608808763 -0.2361837151811251 0.00026448660637458035 -0.00046625904566450225 0.00021831639747122876 0.0017374214205488877 -1.3371911228533532e-06 -0.00527030461654284 0.002096373660096063 -0.002985227236302069 0.0029053141087142893 8.411011142115021e-05 0.0002769341905395019 0.00042056944873319224
 -3.856806232584161e-05 2.3779517246269227e-05 -0.00024864928498135864 0.0001553451825565269 0.0002613326572818738 -0.0001840920069017629 0.00014753678916127195 0.0001434535255102152 -7.11074997391407e-05 -0.004409179886482099 -0.005047098714252004 0.00020488009860610243 0.002492453210866188 -0.00016130488213736435 -0.003744690594710364 0.00039238855295582845 0.00021282405397334353 -3.137141101531198e-05 0.00012277773843933154 9.89219932159322e-05 -4.409951201949032e-06 0.008972176069953491 -0.002964240107819423 -0.014563740691689473 0.1218579291472798 -0.023618191329303484 -0.1360489991564977 -0.00030541057887125854 0.002168274912421659 -0.00020089700820104535 -0.0001336915553771756 -3.866834140723176e-05 0.0008669086766604599 -0.11439403407160935 0.02198155311082606 0.12043406344091546 6.980016744046736e-05 -0.0008539149022376522 -0.0007410764479851659 -0.0059124497710226435 0.006357857488306159 0.02309654772363896 -0.00880033722750952 0.0015745487318603953 0.010811031977425787 -0.00021714211355286912 -0.00013781309176995625 0.00043007781068807945
 -0.0001274675450091161 -2.3771262081746723e-05 0.000230677289179641 -0.00048162287251911655 -0.0003734523962764655 0.0004245921083642189 -0.00037110513815309133 4.614398817213088e-06 0.0002006895575050837 -0.004619643148624869 -0.0043066129206398695 0.0003235069313174927 0.0019468936925294445 -0.00010381434236306077 -0.0017692997568730833 -0.0004912148709321047 -0.000191369132836553 0.0007300534088710893 -0.00011271819873139161 -0.00015082676325585162 -3.212317339005959e-06 -0.0033288105159757016 0.0010575452430255743 0.0027463279620487425 -0.023618191329303484 0.048350470552728446 0.028217518108018928 0.001206485224937165 -0.004780398017199008 0.0015288461568580202 -0.0006079112254910693 0.0009636123590097023 -0.00044268789194493825 0.014663529344881998 -0.03768275047976185 -0.019940398629622214 0.0005720609776303767 0.002929143024653124 -0.0007643070364814498 -0.007044894081730435 0.004758264796713663 0.018274150379704274 0.021345390172417374 -0.009832129413340898 -0.02913374643143971 0.0010702961118793063 -0.0006142443257410757 -0.0006231534871109695
 -7.311034287508803e-05 -1.8663008632776488e-05 -6.75479230851137e-05 -5.7276778640084455e-05 4.79055265005461e-05 -6.166737518558712e-05 -3.8959441790964046e-05 -5.138820047639486e-05 -7.458157458537048e-05 0.001985918977194608 0.001101290193084622 0.0027850268105221528 -0.0010352929973561856 -0.0004071789898439636 0.002488895856756493 -0.00021295954979811825 -0.00044060159756283666 0.00018551909200321864 1.846970019770816e-05 -5.4118344770580784e-05 9.656968145006918e-06 0.013115367743578901 -0.0019740111008667615 -0.015294318012457888 -0.1360489991564977 0.028217518108018928 0.2631999399011962 -0.00045845329815519655 0.0005670535324400022 0.0015065537995560597 -8.209038753237711e-05 -0.0003392317231768579 0.00022429886490154353 0.12579432574903898 -0.029346345492492574 -0.2514723276313575 -0.00021252928903765122 0.0006058645267937554 0.00023244163214681575 -0.0018110050066034375 -0.00012453207995724266 -0.005700874892772502 -0.0008442004125298832 0.002512997563547357 0.0016090574361156955 -3.724289675501474e-05 -0.0002959925210073209 0.0004309775971580621
 -0.0003766696746518165 0.001186445178137652 0.0018607610128915841 -0.0035158729136252624 -0.0009102115388483877 0.0030871168288559734 -0.0017871105785259816 0.0010868730245714832 0.00145931688846111 -0.001701320594049596 -6.995339070177136e-05 8.785241296618066e-05 -0.0005001150098305892 -0.0008445040941015837 0.00010907386111768225 -0.0019315207373679273 -0.001194613610477657 -0.000536058935286931 0.0001273619873850276 0.0006134334013541775 -0.00021926013210854002 -0.00016060804835705143 -0.0005756062135819904 8.664029287708348e-05 -0.00030541057887125854 0.001206485224937165 -0.00045845329815519655 0.1543879678177113 -0.0027022824128752625 -0.12856936082068326 0.012295951597064972 -0.0013985354220731438 -0.016458601910488646 -0.00843060001244582 0.006219089218441652 0.01121473636324633 -0.014633695630234589 -0.0068572049662810304 0.0167500656270926 0.0017899594701861305 0.00039569931048542655 -0.001225141698231337 -0.14156590360760318 0.0077417564243711144 0.12119543444347954 0.006305787297470043 -0.003901089686599444 -0.008380139750666996
 0.00039034554526958914 -0.0008967156943176366 -0.0028838089157424565 0.003312949143478269 0.00496699966025126 -0.004623576443454421 0.00280944053342569 8.198225016961143e-06 -0.0020751840287243834 -0.00230008872215544 0.0026157041924849884 0.003990248175068461 -0.00012072556275790302 -0.0007138455708244932 0.0024768950569104336 -0.003301064193753086 -0.004165220169940779 -0.0007199748584718424 4.248245229950128e-05 0.0006900726021462428 -0.000493441278210108 3.42515241307249e-06 0.000958383691286416 0.0003765255929268086 0.002168274912421659 -0.004780398017199008 0.0005670535324400022 -0.0027022824128752625 0.0554733669163688 0.005905413883748675 -0.0017248835852107457 0.0003665029633292782 0.000729806124360589 0.0175013956640688 -0.008004015155000948 -0.02522509429978294 -0.01635762562488247 -0.0022805784214320083 0.023027001376047577 0.0035847614542556224 0.0018924409209911902 -0.00767244331163529 0.005070667764492175 -0.04817082448107897 -0.0046149881751449935 -0.00837608934892092 0.0020361196643222165 0.011233899867684813
 -0.0004072676667150317 -0.0015579074183017909 -0.0028325695860447696 0.0021759771264096765 0.0011681542604605308 -0.006205916277844839 0.0015596281306079055 -0.0010599918938586363 -0.001910312955217889 0.00021292889720818164 -0.0003420847821076791 -0.001427965321591187 -6.92500480417829e-05 0.0005790715570042428 -0.00108262542493767 0.00043563261032623083 -0.0020732769798929456 0.0016733778147876076 -0.0011692548167642315 -4.972999722825892e-05 0.00042808332855202185 -0.0008435869373896612 0.00045624780660644875 0.0002874436367118726 -0.00020089700820104535 0.0015288461568580202 0.0015065537995560597 -0.12856936082068326 0.005905413883748675 0.23180678920126285 0.014427173415367497 -9.589810265216469e-05 -0.02582940022770902 -0.0006569482783915203 -0.0035878609510133423 0.0017820781164829057 0.0027130867562776195 0.005472044180698545 0.0008431305352749859 -0.0010443714954334385 -0.0014484640062790621 0.0019308369610353086 0.11716232620848356 -0.009047370405289818 -0.21162094820639074 -0.005720550693668418 0.004156170816298305 0.010655693660943568
 -0.003723478063194872 -0.00084601533160891 -0.0032248334913087227 -0.0004003047662078242 0.0012093191011940702 -0.001916865902140032 -0.00185618631559466 0.001178064902930898 -0.001541189162376708 -0.0005227458156469726 -0.000859132510157258 -0.00010867208332053079 -0.0016542926682645278 -9.234597416739992e-05 -8.718187929324968e-05 0.00015081486999804088 0.000591757138619624 0.0002243811519577802 -0.0019574866825539223 -0.0009685942184819578 0.0006891893392346552 -0.00024128697474509427 0.0011443923648154397 0.0005905394621698273 -0.0001336915553771756 -0.0006079112254910693 -8.209038753237711e-05 0.012295951597064972 -0.0017248835852107457 0.014427173415367497 0.16137550575744947 -0.0053911119900975114 0.12319861850186972 -0.009090282562713697 0.007094887199097211 -0.01066597519049135 -0.01564741629526036 -0.007443504224068605 -0.016263184823350475 0.0018896507283130727 0.0004308633477983607 0.0011662775202538613 -0.14718699982348774 0.010383992636133649 -0.11511208730241763 0.006700590499267132 -0.004104709073419115 0.008704371998728113
 0.0035587668276648114 0.005103399809180807 0.004622093358174647 0.0004480504150436106 -0.000906520461657512 0.0029015490790082646 0.00290002561750741 -2.609501150765228e-05 0.002099157793695181 -0.000191880251874806 -0.0006722403885046592 -0.0023185507625130214 -0.0023795637968483103 0.0025746272348567017 -0.003701028672555664 1.089436967532529e-05 0.0006335790190071793 0.000471340231699195 -0.0033738765966292053 -0.004135125081439609 0.0008071210579916597 0.002149428411591175 -0.004663810593768831 -0.0008420681061893408 -3.866834140723176e-05 0.0009636123590097023 -0.0003392317231768579 -0.0013985354220731438 0.0003665029633292782 -9.589810265216469e-05 -0.0053911119900975114 0.05728561388865598 -0.008134068828726377 0.01884460773871577 -0.009140115656892005 0.023861732903242484 -0.017345359151175004 -0.002127759544108117 -0.022128818617290245 0.0037160702569478867 0.0016801552122235146 0.007309974173576124 0.007304401911089992 -0.04914181965594185 0.00691439105717668 -0.00881275404001971 0.002201038152106763 -0.011424996553634515
 -0.0022884508584992617 -0.0013185504983673126 -0.006298145899173007 0.00042254297545172236 0.0015899568773063612 -0.0028765363407316563 -0.001541444821116573 0.0010540570788361962 -0.0019415108225669883 0.00010179087454529123 -0.0005523517724229638 -0.0011803265004933802 -0.0002798721559536945 0.00046309817757982303 -0.0015291560959502506 0.0011948926985384987 4.425821226498761e-05 0.00034772002991122637 -0.00040045485409418097 0.0020854463491394274 0.0016725578017820993 0.00039696576384462903 -0.0017949785043574551 0.001413788161401847 0.0008669086766604599 -0.00044268789194493825 0.00022429886490154353 -0.016458601910488646 0.000729806124360589 -0.02582940022770902 0.12319861850186972 -0.008134068828726377 0.2104608479569278 0.0014485254569826726 0.003303935443150455 0.0029509391592553065 -0.0026988275603911775 -0.005802916994198495 0.0010752389313028498 0.0010863792096279694 0.0014512298171172663 0.0021745071779541983 -0.11081986657312666 0.011455954134841724 -0.1914573252458813 0.005766892924853569 -0.00413596620861579 0.010799818712333932
 0.0016103117183990415 -0.0004789408172039505 0.0011457050682627855 0.0016084439742049094 -0.0004544047352997617 -0.001200740847563299 0.0012475944756046556 -0.0032323764494152298 -1.9476049728489872e-05 -0.014560121370928419 -0.022790235175441768 0.017384183586629916 -0.01564594264256439 -0.023433120913427665 -0.017374380724327922 9.929501023164732e-05 -0.00026363183965575677 -0.00026167589485011865 7.451315197200995e-05 -0.00035138561398992705 0.00022206249586254962 -0.12738237299777505 0.02003924079645592 -0.1311907194568751 -0.11439403407160935 0.014663529344881998 0.12579432574903898 -0.00843060001244582 0.0175013956640688 -0.0006569482783915203 -0.009090282562713697 0.01884460773871577 0.0014485254569826726 0.4695694539636023 -0.03798570324216093 0.003185193395330889 0.018625181127456765 -0.011290230953731922 -0.0005890475131718028 -0.09537618226036695 -0.008890148641279827 0.0006316113793851504 -0.10037015119902486 0.033996300983322424 0.0013774114880521192 -0.007570968964438534 0.004110124315797477 0.00010336237210750117
 0.002891206059068608 0.0018455358040072919 0.0015774504221767632 0.002808497579324889 0.0018657597266580168 -0.0015028791400882066 0.0023401724273887543 -0.0010882440168886206 6.408136255531116e-05 -0.02218621361411926 -6.8350512930917195e-06 0.014690951268245139 -0.022480618021399962 0.0003194098958295536 -0.013858894162984123 0.001122043623681679 0.00244859672348061 -0.0003405216852336361 0.0011319044970353374 0.002300644490520827 0.00025557122717244975 0.027874747565164153 -0.039592204725890714 0.03516489608808763 0.02198155311082606 -0.03768275047976185 -0.029346345492492574 0.006219089218441652 -0.008004015155000948 -0.0035878609510133423 0.007094887199097211 -0.009140115656892005 0.003303935443150455 -0.03798570324216093 0.3081469953176961 -0.004763189002328859 0.00579011060142593 -0.02784776653902344 -0.0003096081977174767 -0.011715431470364598 -0.08008638339482846 0.00011640624638269986 0.028732200427166718 -0.11485656022185399 -0.0013121060327733278 -0.01362026465004297 0.0013564739699329623 -0.0001542910615531
 0.0004098435029345701 0.00045748220505604186 0.0006981109362689833 -0.0004378683575820146 -0.0004137608959889417 0.0007592983477246265 -1.348096142169909e-05 9.418493112127129e-05 0.0006636737635431457 0.027997171164984732 0.022999319123955718 -0.014247912650874483 -0.02787133585385224 -0.022257571890938424 -0.013185565865511133 -0.00030384110541188235 0.0010221625893776082 -3.473396176438782e-05 0.00036507770388921845 -0.0009134881379890204 -8.12328823215194e-05 -0.12581434773766617 0.026048912962559016 -0.2361837151811251 0.12043406344091546 -0.019940398629622214 -0.2514723276313575 0.01121473636324633 -0.02522509429978294 0.0017820781164829057 -0.01066597519049135 0.023861732903242484 0.0029509391592553065 0.003185193395330889 -0.004763189002328859 0.6517657497879588 -0.0005469661507390146 4.861855310344536e-06 -0.00022240512487695102 0.0005958975004916462 0.00022219554424279328 -0.05674378653812045 0.0013067899449749451 -0.0011312934164220145 -0.08408457108017556 0.00014022071578351076 -6.47618712186783e-05 -0.0023730709115395814
 -0.004262361812578898 0.0065766422869853285 -0.003473623153774629 -0.00393915214655942 0.0064020217583868515 0.0034352810368883492 -0.0004277768026527559 -0.014664426313483317 -9.383976205626775e-05 0.002933928506462568 0.0007214481407437982 -0.0018812489420526595 0.0030523193261380362 0.000720678148214123 0.0018310145066484796 -0.12085992030927174 -0.0034498849652685446 0.13203761901714406 -0.127510062440018 -0.0036354029856879165 -0.13494346643065114 0.0001149264420016612 0.000513880575985505 0.00026448660637458035 6.980016744046736e-05 0.0005720609776303767 -0.00021252928903765122 -0.014633695630234589 -0.01635762562488247 0.0027130867562776195 -0.01564741629526036 -0.017345359151175004 -0.0026988275603911775 0.018625181127456765 0.00579011060142593 -0.0005469661507390146 0.4410166573375285 0.04329859232314003 0.002054555391343012 -0.00754625129537452 0.000908476141874633 0.0002233426549114783 -0.11312409834272846 -0.04966773320574781 0.0009530579592332732 -0.057875292022309587 0.03961970334026109 0.00033633171299810017
